# created at 14:14:11 the 2014-4-13.
Alice 0 200 342
50.000000 50.000000 3
76.708397 78.155701 2
34.454399 75.305603 2
47.867599 62.158100 2
92.664703 89.265099 2
16.187700 60.091801 2
15.775400 78.696899 2
15.073300 13.093900 2
51.220100 81.992798 2
62.977100 52.291302 2
52.523201 75.464500 2
29.557301 36.080502 2
9.409400 92.390800 2
20.962500 65.399300 2
8.882600 4.717600 2
25.308599 94.401001 2
90.643898 70.845299 2
67.723396 18.487000 2
35.882500 67.611000 2
64.840500 83.838600 2
48.348099 23.190100 2
63.310001 43.580299 2
20.521000 28.889299 2
73.564102 37.609299 2
17.205400 71.901604 2
78.095100 71.949303 2
9.423700 22.136299 2
96.963799 7.928500 2
58.858101 19.845400 2
31.536600 96.438301 2
73.379097 62.161701 2
88.054802 95.623802 2
68.927101 32.722698 2
93.175003 45.230598 1
43.636600 1.728300 1
82.381699 24.141899 1
48.244701 31.047300 1
41.641701 69.043999 1
35.144001 19.354300 1
73.363701 21.063601 1
57.452099 59.057499 1
81.813004 33.624599 1
78.535004 54.668301 1
49.819599 57.404400 1
46.469002 83.907204 1
82.856903 71.790901 1
32.976299 91.967903 1
82.730003 80.912903 1
39.731602 65.433800 1
36.745701 29.425900 1
42.938301 92.220398 1
65.425598 75.437302 1
25.155899 33.093498 1
29.951401 12.556700 1
97.270699 70.202797 1
85.485199 10.540600 1
80.035202 14.212000 1
68.664299 44.418499 1
61.556099 59.347500 1
8.225100 11.018500 1
81.752602 29.674500 1
34.865700 80.600098 1
26.432899 77.038597 1
32.087200 43.587502 1
53.191700 16.448999 1
38.360298 38.549999 1
55.083698 90.772202 1
64.176201 1.997800 1
16.269501 4.610500 1
69.463501 56.591202 1
19.018000 34.584202 1
85.848900 54.605598 1
92.670799 79.116997 1
92.352303 32.950401 1
26.949499 60.142601 1
41.495800 60.881302 1
69.522697 51.763699 1
12.360500 49.009800 1
57.163601 80.409500 1
73.120796 46.390301 1
88.779701 75.946098 1
89.333199 26.444201 1
33.660198 40.514000 1
47.858398 36.406200 1
67.155998 59.361500 1
3.251900 34.825901 1
47.648998 27.940800 1
85.533501 61.971001 1
93.428299 2.761700 1
61.099602 8.270400 1
36.044498 98.388397 1
69.309196 67.677597 1
80.061996 19.785900 1
25.138599 14.646200 1
21.403799 52.198898 1
22.259899 75.187599 1
2.986300 83.536102 1
94.597504 73.004997 1
1.907600 48.761501 1
91.140503 5.631000 1
76.965500 2.092600 1
10.782000 77.950600 1
73.975098 28.351500 1
75.348297 10.809000 1
45.774399 43.625401 1
9.310900 38.144798 1
12.536500 86.991501 1
1.942400 64.555000 1
39.116402 59.347000 1
15.224200 30.041100 1
29.039101 8.872500 1
39.723000 27.863300 1
25.325399 57.455101 1
29.472700 79.988701 1
21.553699 98.021698 1
40.794701 20.216299 1
22.709900 35.358601 1
38.951500 15.051100 1
3.407100 6.571500 1
41.155300 46.106998 1
81.184799 95.514603 1
74.164398 4.960700 1
2.246900 98.200996 1
38.408600 2.090100 1
23.081400 12.386100 1
38.987499 94.320900 1
51.689899 38.222698 1
51.954899 88.417099 1
25.078199 3.802300 1
2.693200 15.498900 1
52.307400 25.414600 1
10.402100 46.447601 1
58.190399 11.095400 1
69.949303 24.013000 1
81.007500 47.380798 1
25.509199 20.223200 1
71.527298 72.042999 1
55.567101 70.271500 1
27.372101 43.658600 1
7.983900 34.175701 1
87.736298 89.553299 1
83.116402 7.969700 1
73.019997 1.629000 1
68.632202 76.120102 1
44.092701 71.161797 1
56.137402 93.601601 1
42.690201 51.257500 1
9.829000 29.808500 1
97.916199 47.458099 1
78.556602 6.682400 1
98.511902 74.889801 1
27.244200 71.938499 1
2.939800 60.609100 1
26.509501 48.877701 1
38.012100 62.666401 1
11.020400 82.557297 1
33.158199 53.172298 1
22.286501 1.728300 1
96.193398 16.371201 1
30.109900 61.265598 1
83.139297 98.160103 1
87.366600 78.592400 1
19.426500 55.239899 1
11.158300 41.906200 1
75.475601 68.533600 1
33.523300 48.534599 1
40.777302 8.987600 1
10.638100 98.405098 1
27.490400 17.211700 1
76.294296 46.441399 1
51.908401 20.142500 1
6.454500 86.643204 1
64.583099 66.281998 1
55.466900 33.743801 1
91.070297 49.929798 1
44.595200 65.140503 1
13.714200 55.539001 1
70.817299 79.120102 1
62.995098 15.026100 1
28.415600 41.028400 1
98.171402 42.611301 1
85.805099 71.264099 1
70.054100 84.289803 1
75.105598 42.684898 1
58.795700 35.032001 1
28.267000 5.767200 1
42.593300 42.147598 1
31.931400 30.356701 1
38.632301 35.710800 1
63.291401 10.410100 1
98.188400 12.421300 1
96.464203 79.801804 1
65.966797 39.781601 1
93.376602 98.124397 1
39.893200 56.573502 1
74.179703 57.443401 1
98.551804 96.937599 1
72.014801 7.225100 1
2.446000 39.694801 1
93.105301 52.194901 1
82.585999 1.894100 1
23.885500 50.113998 1
97.379997 57.580002 1
54.110600 61.125702 1
6.390200 18.281200 1
42.405102 26.681801 1
59.932899 91.932899 1
83.360100 66.130997 1
57.584599 7.587000 1
77.822701 21.909700 1
90.493301 54.886799 1
96.155701 40.226501 1
31.340300 15.422200 1
97.468803 62.017399 1
21.472500 42.613201 1
72.658203 11.988800 1
24.793400 8.899300 1
27.918200 29.095900 1
69.295601 39.366100 1
2.782900 18.517099 1
22.480000 72.180000 1
1.733200 71.042297 1
84.366699 77.978401 1
32.259499 58.369999 1
41.863300 35.860901 1
17.153601 25.897699 1
30.055500 76.295700 1
68.138100 97.125801 1
67.420197 69.936897 1
48.319401 71.918503 1
4.866500 32.232399 1
1.687900 78.600601 1
77.991798 60.609798 1
45.993801 98.046303 1
1.698600 21.481400 1
12.052500 1.536500 1
43.666599 54.175701 1
22.607000 18.327000 1
94.605003 67.974503 1
82.836197 86.618797 1
14.587300 97.078201 1
58.266800 97.976898 1
75.912201 49.254002 1
12.854100 6.452500 1
72.711098 66.749603 1
37.568600 83.763802 1
20.384300 14.653900 1
34.747002 32.825500 1
98.484802 30.914499 1
90.720497 29.165400 1
77.582199 25.411800 1
54.192299 36.551201 1
77.375099 57.595600 1
58.739498 38.789600 1
82.756798 11.649500 1
1.556300 57.929699 1
20.014400 77.811699 1
41.930901 16.369400 1
82.737999 68.941704 1
6.568300 15.107200 1
34.071999 16.599300 1
61.528702 48.063400 1
5.110300 65.272499 1
59.967300 81.788803 1
71.567398 49.004501 1
31.433599 82.039001 1
51.004299 41.192402 1
55.756500 96.544800 1
43.999298 74.747498 1
23.230600 55.321701 1
57.398899 66.543701 1
14.224500 89.588303 1
28.819099 91.795601 1
25.941401 79.836700 1
73.996201 88.481499 1
37.164600 71.802803 1
36.149101 23.118999 1
5.892100 59.822800 1
54.306801 7.111700 1
42.139999 97.894897 1
86.075203 43.485802 1
73.708199 25.535101 1
38.909401 75.536301 1
43.124199 82.979500 1
21.480600 92.410500 1
22.212900 79.681396 1
14.210600 26.338800 1
42.250702 23.445601 1
21.586599 83.728203 1
10.245500 66.946098 1
5.548200 48.247700 1
81.811798 5.087800 1
96.335701 44.983501 1
65.177597 30.454300 1
63.218899 56.886101 1
38.277699 46.535599 1
7.144400 77.512100 1
8.333800 42.772900 1
19.424500 1.911900 1
75.390900 7.800600 1
62.842499 21.920200 1
36.091400 8.892200 1
37.040798 17.253300 1
36.217098 13.993600 1
39.401699 91.501404 1
4.666100 3.788900 1
55.248798 47.423599 1
48.926601 77.806999 1
31.966700 7.446400 1
58.645000 44.841301 1
54.633598 19.301100 1
83.540802 83.829399 1
42.083801 63.820801 1
19.561300 49.069401 1
81.118103 78.173500 1
40.850399 53.653500 1
6.916100 39.728802 1
69.719200 64.603699 1
67.759300 90.413200 1
26.979700 1.516400 1
63.969898 98.512901 1
32.411598 20.845100 1
6.990500 29.225700 1
32.541302 71.342796 1
20.494101 37.357601 1
33.691799 28.090700 1
93.912102 62.826698 1
54.506802 79.239700 1
88.426201 48.829399 1
20.885300 69.763496 1
16.918301 67.359901 1
52.056499 63.296299 1
70.761398 90.566704 1
15.740700 21.300600 1
12.071000 95.695602 1
59.570400 41.574600 1
20.945700 20.764299 1
57.935501 89.921097 1
95.722298 19.307199 1
88.176903 9.397700 1
88.808197 57.219501 1
98.523697 77.827599 1

Bob 0 200 342
81.132103 40.334499 3
88.835999 21.466101 2
29.034599 55.091702 2
37.243401 51.264301 2
62.803398 70.500397 2
4.366400 25.743200 2
17.610100 40.654800 2
97.070000 23.419500 2
60.626801 30.757000 2
49.394600 94.602997 2
40.587299 86.938004 2
79.031601 89.532204 2
52.452499 10.947300 2
86.815697 35.744099 2
46.009499 8.781200 2
87.945503 83.106796 2
63.206001 36.230499 2
24.430099 87.111900 2
93.064598 58.362598 2
40.418201 79.695999 2
16.759199 85.950500 2
76.982300 31.834999 2
55.325100 42.122501 2
30.580500 24.740801 2
7.784300 52.034302 2
64.770699 94.096397 2
86.789597 14.665600 2
3.221100 89.913597 2
67.678703 12.228900 2
57.261700 85.625198 2
6.170200 73.378403 2
64.123802 26.229700 2
9.825100 62.554401 2
34.098000 83.785004 1
34.932899 59.569599 1
67.051201 48.343300 1
61.837700 5.385200 1
66.901604 63.374699 1
60.602001 62.356098 1
12.227100 36.551601 1
97.066200 1.762000 1
13.186000 68.053101 1
30.302200 89.347801 1
85.426598 49.261398 1
72.111397 14.926800 1
18.731001 22.983000 1
89.693001 61.864201 1
49.618500 33.964001 1
16.109501 8.463600 1
33.615501 10.271300 1
58.120602 27.209600 1
48.778301 16.696699 1
97.112999 34.281799 1
6.191500 45.054501 1
21.906099 47.463200 1
30.737000 65.267601 1
45.891201 77.292397 1
57.641102 52.905300 1
24.118999 82.047897 1
91.174202 17.899401 1
36.123299 86.757797 1
65.464401 4.944300 1
20.656200 60.926102 1
23.860500 38.897999 1
55.383099 2.831000 1
26.722099 64.542603 1
68.072502 80.102303 1
79.335701 67.278297 1
7.590600 68.046799 1
1.523700 1.969100 1
16.683701 50.336300 1
73.220001 92.025101 1
80.525299 59.182400 1
86.372200 58.663502 1
86.247002 65.976402 1
57.678600 4.617400 1
82.320099 51.462299 1
51.005600 6.127100 1
23.044901 22.771400 1
93.985802 93.621300 1
19.271000 45.922600 1
75.421204 95.039398 1
55.906502 55.290798 1
37.713200 20.751699 1
56.181801 24.990601 1
59.855801 76.302902 1
93.400703 13.300900 1
13.722900 23.525801 1
90.347504 11.214700 1
43.837898 29.902800 1
34.596600 6.289200 1
89.275398 31.823099 1
11.272800 16.697001 1
58.219299 47.702400 1
40.378601 31.262300 1
26.495399 67.838097 1
25.727600 26.312300 1
34.837299 36.390400 1
29.874399 70.237099 1
47.662800 75.000397 1
57.638901 72.977303 1
80.098099 10.649700 1
18.254200 92.533302 1
96.750000 83.550697 1
59.764999 14.044300 1
14.722500 65.535500 1
45.398899 16.977501 1
13.679500 46.302502 1
38.522900 10.887600 1
55.928200 64.043198 1
44.465401 38.214100 1
89.018997 43.411701 1
29.902201 19.350000 1
94.671303 76.727699 1
53.509300 66.315903 1
82.842598 16.447701 1
52.065899 29.038200 1
59.756500 95.446503 1
5.273700 42.143101 1
36.224499 91.866699 1
50.855000 1.873600 1
86.150497 29.122700 1
11.062000 27.128201 1
69.249298 87.849297 1
84.673203 89.792801 1
18.335300 19.652700 1
50.178299 68.860100 1
63.400501 19.099800 1
76.996902 14.013900 1
73.821999 52.968800 1
24.291901 41.951599 1
95.847198 64.941002 1
77.907303 51.722099 1
59.436600 2.180000 1
55.529800 29.733101 1
4.485500 12.312700 1
77.644203 84.927399 1
31.320101 4.490100 1
72.415199 81.834801 1
12.317500 32.907200 1
35.945999 55.698601 1
95.593803 30.213200 1
9.614600 14.391300 1
97.563698 53.231201 1
4.360900 79.748901 1
86.254303 26.183901 1
49.790798 44.065201 1
53.130699 97.956802 1
48.003601 39.339199 1
15.299000 33.413700 1
6.436600 97.842499 1
44.815399 33.267601 1
81.033997 63.476398 1
18.803301 6.158800 1
78.042702 17.704901 1
22.077299 5.049100 1
43.704800 95.463402 1
19.925600 81.374199 1
2.765500 44.861801 1
46.313801 14.295100 1
46.844799 67.303101 1
1.669200 68.199600 1
40.334999 72.905502 1
11.200400 57.693600 1
45.046200 80.696999 1
7.574300 56.589901 1
82.077301 75.364502 1
7.415700 80.335800 1
67.966301 6.407100 1
24.563000 45.152802 1
87.698997 6.562100 1
62.253399 79.485100 1
12.033700 73.724297 1
52.121700 55.333599 1
32.206402 87.209702 1
72.016602 95.434303 1
14.021100 18.821400 1
19.580601 89.865700 1
18.247101 16.598000 1
17.410299 97.375603 1
66.506599 72.790802 1
84.704102 4.629800 1
48.285000 3.464000 1
60.285599 56.745998 1
56.763199 14.387800 1
29.445200 85.413300 1
38.238998 42.247501 1
4.889900 94.045197 1
64.993500 88.096100 1
43.511799 48.261398 1
98.128799 89.224403 1
96.618202 92.544197 1
75.553001 19.100700 1
66.615097 56.536598 1
41.791599 12.522500 1
30.257700 47.975899 1
92.585098 35.834400 1
24.254200 61.046799 1
46.296799 87.142998 1
82.195099 54.784500 1
35.575600 94.904099 1
33.170300 1.488900 1
71.928001 76.369102 1
91.383202 64.425201 1
47.454601 90.234802 1
34.444801 89.083900 1
14.942600 1.789200 1
2.483900 52.145100 1
10.852900 9.604800 1
41.374100 5.254600 1
68.709602 27.857901 1
5.672100 8.577400 1
27.116100 11.116600 1
80.397301 83.080399 1
84.088303 92.968102 1
16.788200 53.654202 1
56.956402 76.910202 1
94.877899 47.536800 1
92.686798 26